92462
81756
3104
40425
15496
19868
47776
34167
4584
96605
32811
22848
77105
40835
56534
78488
84882
29639
45703
39561
96242
33231
7474
23964
20941
36825
75033
87167
43081
94959
59182
55703
32177
38568
25855
58226
72345
78343
27627
52395
77728
23760
83363
59704
83142
97062
83373
6130
28868
62902
53686
75973
1577
98083
74107
17359
51659
39236
17884
37156
39824
64021
77200
87036
9253
20479
29392
47664
85861
43372
80534
7465
28410
62251
2579
51449
73828
71572
43661
21295
60262
62452
58747
57582
48845
87043
44636
34254
2481
59890
20761
51315
62661
2216
67301
4049
21821
5269
32251
75100
3822
50811
8712
71485
58270
98438
91004
59680
28795
93110
98458
66511
60640
55923
28014
95211
40598
75382
43141
27651
43586
38523
63965
26200
51289
72560
42718
32825
74440
90356
16657
68931
59663
72344
14854
72171
72804
39407
92727
71339
69526
38437
34795
58677
72373
84823
13087
80790
39282
4769
66715
79062
44770
65434
51508
96086
82207
39134
46230
88430
88419
93923
68203
47772
56078
84972
15421
45062
58733
23178
24186
77658
37523
68848
18258
50741
88535
56105
70041
88823
66929
83802
89335
61878
82083
76556
62726
84702
39303
56409
761
14395
34315
7392
91604
40645
82247
54171
54557
62693
75540
64646
47497
77556
56152
35222
43204
63499
80265
73358
34663
59870
23749
22246
96879
77459
61938
33167
69052
2689
81161
2400
32146
43498
87299
60558
65200
49946
63444
79461
41351
68741
29514
40928
1672
46933
54632
7250
71635
43744
85149
27492
14991
44745
37317
98212
24258
18078
99060
98426
20356
92116
99389
63844
62772
66256
47112
92549
1972
14496
11921
48706
40713
86725
99544
86741
98570
65810
44309
10448
30878
14143
19987
46800
4160
38475
80625
40460
96343
90384
28983
76524
94668
78656
67435
46785
38119
63155
44262
14977
75808
9221
68544
6139
18323
40767
7885
14911
26532
79082
70173
99936
63659
52071
24277
78038
72537
4914
57729
83671
9103
574
35565
66577
41031
95348
78769
14359
77201
39747
45968
36670
36018
98010
53062
1775
38710
1171
81866
88553
84174
3042
26993
79263
63093
84005
95961
5314
89296
1923
55435
31222
69608
61335
50524
37269
78458
81043
76781
8268
56374
47689
60799
65746
34941
21558
81948
29847
52287
23281
30821
40061
30200
25399
87544
56204
90765
74746
83961
84332
32332
94882
51119
9105
98437
54494
52823
89737
80313
80908
9795
80843
24345
77199
8375
82018
40483
20687
83066
36536
11989
58135
79283
53496
43698
42690
94419
80008
66617
50816
25696
39844
51867
78431
56735
44261
18405
66824
41576
15636
4231
97686
10264
67478
12771
21732
71716
1866
40868
38935
43916
47764
72843
88422
66575
14647
69337
85843
62643
25465
34662
10568
22152
66624
84300
8798
63204
49833
64664
51690
83465
43775
27489
72935
99329
67366
98461
9151
19508
89974
80367
84732
87873
38236
39023
54692
76615
33263
5817
1265
73952
8533
95584
91968
94099
12283
60876
82864
61862
31605
28147
45465
11654
62205
92939
70190
12244
93622
24220
37650
89123
872
22597
91200
16418
95747
1380
89130
71024
73012
57163
90896
38711
57962
22639
30014
83153
65853
41896
19894
50831
38358
42731
42242
92559
33740
95029
58031
68457
97224
90090
27784
47320
25283
72663
43017
9031
42193
96427
41551
84851
39224
76688
61885
96193
98518
3075
70521
25755
910
49882
32724
55487
69771
52966
20079
4054
81299
77317
41770
66424
16173
78073
41541
58229
64570
1750
88829
48907
36147
71750
60126
57076
82527
48065
97855
17498
51595
40525
89041
92999
53430
29918
4838
89565
98121
77081
76531
59100
35112
66713
75442
96300
14093
28483
87339
97002
10465
59429
68364
48015
96643
5212
92391
53243
54516
75242
7826
76814
43103
19337
58755
80889
48663
47234
91899
91558
56909
40448
33097
52673
68678
57008
57179
75684
96900
74294
42921
69626
3826
29909
44706
19889
32143
31380
36145
30244
66647
24063
65378
57805
11230
55018
48835
53339
13541
44388
86779
32330
58947
53160
11777
27660
95608
91306
46212
90481
29950
38071
81723
67751
31414
23427
10510
84322
72150
73269
48203
80302
8351
14193
37752
31788
47164
14170
19243
74061
49996
64433
9154
66589
8112
45381
9776
45615
58362
60565
41637
918
27110
33687
42637
16896
54426
6550
25411
11116
85771
29504
24523
27812
18272
29001
15782
42254
26112
25164
79943
76105
70543
92970
93313
26209
15237
15213
1411
55600
64461
26954
58755
32897
71503
63847
84931
24844
25840
73048
38032
28544
36847
44147
6413
58608
3253
38354
3635
92990
2811
16183
19284
56755
79210
34651
19216
82924
12450
71618
77122
18333
82451
4430
53550
51872
13450
60908
36272
25295
38494
35963
95456
83991
56889
29917
68430
7291
92067
90293
85696
32355
97370
95012
61368
70880
85628
8953
31106
66635
6864
61420
28576
53851
74573
78056
97822
4283
77961
69323
67265
48700
11646
6727
58101
8568
9862
86197
92476
29869
95298
79206
25049
31515
64305
18911
24471
92195
61408
86519
43391
15720
69089
64073
16129
8906
13880
40342
89125
76902
35223
95331
77303
54984
82016
92493
18167
9168
8857
65736
22672
17940
25028
98100
78083
24335
38132
50786
9894
73397
9077
67080
94925
34144
12054
77817
81059
95736
22469
44985
56543
48170
50007
67998
83457
25289
35517
52483
6951
96369
90368
72456
91848
30012
54694
4745
38573
22784
26757
59672
33092
66809
44869
28092
96947
94989
19322
71956
93011
82227
3901
51295
89080
45969
54607
96700
92393
84027
2373
37582
54873
30629
72593
28884
3709
24599
62726
23926
8602
33492
15383
23089
5848
61084
21916
68977
29745
43132
83720
68956
72306
91580
75155
97072
88338
57277
7867
22608
68208
41538
4006
30625
58021
74645
62332
56213
32908
76782
82618
85442
52150
46641
75570
89525
53520
10796
25086
60047
49918
75374
87783
13150
70118
1624
63792
74151
21184
77904
8093
48382
97966
60196
26524
60550
80256
38862
24849
17188
36985
85550
26188
72050
92031
45263
65797
92536
19108
53483
87183
43820
55786
26965
56373
42901
57992
12119
58922
93289
55017
75917
85981
20196
47807
82847
4553
73889
75728
22850
80072
41156
32636
79513
23386
34708
99135
7329
91141
22885
46506
80165
46105
87425
7048
9151
18623
66387
37166
90294
10145
43411
5511
77810
48631
29813
38472
81730
15037
19435
77349
14927
79052
85570
60952
62361
24751
38407
6173
21240
28047
17026
90964
74327
8722
87408
9265
36113
33285
5847
29368
8865
4953
8332
67878
58335
41287
70438
84846
25556
86540
38220
45509
56584
96998
92193
4928
28893
21134
31961
55774
50899
62566
29041
36664
95715
49611
29535
60930
25501
14299
37177
32356
52619
77706
54164
6335
89798
990
94559
13822
95694
53897
86223
92627
88646
62390
39641
79871
1889
62656
65548
54441
11274
86730
23248
38995
71106
25969
41146
82509
23030
91894
70929
9665
25945
91450
29159
73103
26799
8272
34213
59104
80919
75928
57857
92908
58455
30491
10218
16867
23529
9448
33653
74984
59754
8535
65514
56729
87887
5880
13376
87176
47018
48487
19424
43350
3838
43246
53389
66075
66016
23157
95130
30482
35900
90959
90301
71882
73616
15767
84569
31590
73945
79875
94234
7545
66826
12571
99985
34183
66382
73348
46807
42980
33531
46891
51662
22615
99654
69202
73389
54896
72328
84565
2123
24183
39664
89663
23106
18693
10032
45257
785
18359
91156
75990
17447
41496
17946
60699
93687
62164
19823
68115
51743
84512
60444
44380
47141
76468
29000
53748
60407
77948
98570
37451
18267
43239
96349
98206
19271
70199
28951
28618
13081
86284
22673
3118
13469
56360
29482
32770
11883
79093
3218
73264
10243
81643
40729
76784
34906
4932
85241
17260
97172
23307
9806
52399
14081
95722
96907
42024
66457
70432
63032
34233
18235
51458
99691
78851
99283
91282
72584
17897
47778
79295
30132
18114
97140
60918
79887
7051
56228
23056
98761
55520
57938
23982
41942
52567
60082
88104
16333
88701
52930
81621
88766
2388
16642
21231
24809
52459
9786
82088
13247
86985
72935
96860
45520
70690
58712
9336
77905
74893
6134
45376
3120
26065
30818
55121
71634
66546
37305
18505
48877
67471
67634
32939
41186
54931
13534
14391
10897
87163
46424
84459
84885
29312
24986
10641
66920
97673
45236
81580
40350
3563
65835
10910
50218
12665
44450
76706
16821
37385
77943
31167
79679
46847
70934
28020
43397
14922
2622
49578
97697
60242
71744
22195
99957
68377
58479
63949
3757
57094
97743
63750
85201
39187
66025
43194
41180
12785
21774
38245
39839
86146
90566
82848
38784
21520
71193
49626
51854
14704
50385
98077
39543
40889
99625
67581
20096
90315
71354
70100
896
51331
77276
75565
51130
95876
37085
86759
84417
26155
3312
92968
96353
35764
87732
6970
72813
32937
29322
971
27846
45436
64204
72378
52263
10271
61149
78358
66759
95142
52100
59398
3126
85140
70898
64537
37390
31836
91150
94966
2258
63370
76165
4703
27350
89020
11874
65467
94559
74000
80100
63851
35921
69286
620
92614
7750
51353
28290
78656
4913
56808
80632
64728
15604
20046
85078
51130
21479
55346
60922
52992
44884
78700
79856
31323
74568
4386
7064
6134
52050
18841
73911
28678
1356
52258
97039
97026
90578
74282
94051
29744
54684
29802
94140
47522
21351
8788
17236
5578
3441
32643
42217
66614
30713
54305
83342
25339
47511
70257
1115
1247
35750
33566
65708
96332
4683
61485
32830
38026
8611
15860
81520
10798
83803
57242
69334
64110
70195
43771
6201
57965
89025
95223
45737
15662
83503
46165
58920
4022
58464
45164
56500
83546
47995
5110
45590
46168
68574
23534
50521
27476
24117
96992
44526
14509
77570
97128
81290
77960
81236
43706
54724
41347
16607
16383
5192
12956
68476
60403
71982
97409
55536
37002
89901
32283
50619
57505
60998
38580
97105
89015
46509
67963
12498
14663
87065
40567
40582
33982
85954
32361
55129
11601
93399
83344
11489
30865
52477
35098
10286
85585
45130
97578
17385
17296
9568
17827
21251
79187
45488
70013
6542
87408
511
55361
22980
19403
37419
95149
41265
10911
36378
28801
4225
75581
49572
61493
18224
3648
21925
80645
13800
23449
13962
98153
31610
91924
22046
49839
14985
20977
10242
43100
18932
48910
82112
91715
95792
42752
66070
30131
34742
38405
38967
5392
87410
3117
11034
30841
31598
97697
68880
39630
98269
50432
69010
27027
60676
9827
99612
1677
83837
11759
59862
48980
2363
21432
22369
14749
85203
95931
29274
62779
19429
29502
42296
72373
90395
74542
61250
47007
19921
45525
8609
94594
40262
38954
61391
84544
22258
14050
99837
46460
19462
61780
71650
6909
81241
64673
21428
91026
39479
63210
98037
79302
7069
52288
70490
96754
29481
64780
47451
99869
23258
83481
8189
50795
73444
20926
2844
68099
36029
96828
83650
33731
23818
16524
72922
51016
24646
62565
31515
90524
24281
14883
9130
1659
82303
68688
84343
64201
90648
39450
91088
46293
51011
63811
43180
38414
61926
42404
22271
38108
18430
70121
25909
49351
68214
70044
71387
15680
40903
43852
1955
48355
26388
50876
77002
57553
40411
68411
52814
51132
93169
6492
84779
15834
1307
95796
84395
28793
80686
30008
56801
80565
56803
55668
41983
85333
20923
91069
6086
15581
52971
61707
57580
2892
8338
56812
13489
37625
16459
92396
86887
65304
3168
87674
48627
97563
1490
3738
9263
2013
7717
73575
28159
31753
95959
87003
95390
44024
81994
26565
51446
45597
46699
74444
68945
5182
97751
95177
37444
72166
76524
20109
11547
41892
32959
1646
40117
58190
88613
53728
34397
93242
76655
30751
44987
53104
51098
7731
46990
69226
13577
62532
95463
81988
16196
43962
91460
17223
63244
69599
45805
71194
98762
25710
38325
31536
77498
94331
95891
42119
26705
84705
69595
37555
31167
47045
15734
65343
24311
9407
43266
47048
58402
5791
78216
82550
20504
20994
26172
31590
39157
30752
1435
93672
69594
85859
53184
93756
31585
46744
96433
17253
21429
23307
87811
68781
91650
82757
38932
57022
92588
15084
28611
52349
89439
56526
64772
37960
18290
2727
14726
3483
4757
87425
96095
54631
34637
81636
61295
79431
61412
77354
94803
85445
1696
92943
75980
19545
27468
40006
69700
36681
38536
98773
56101
43349
89912
97406
23188
40081
37614
2825
44973
33253
89797
29864
88147
20177
1931
95643
92046
65498
30771
85369
17604
17154
63524
13727
86981
11316
13997
90704
71113
10937
93002
22669
58126
10911
46475
3524
84131
80347
24476
68467
91239
22818
62336
79668
7943
78882
35856
83216
65575
50538
31137
23532
68600
22670
40002
43420
70567
17684
31972
25218
7277
27216
23298
7716
64896
90617
15197
21754
72320
13219
60765
20561
52207
92128
55002
78997
70899
8768
39742
51618
39873
13666
36653
95888
55660
5661
8182
35555
95613
3366
69726
67215
35386
25589
75027
92212
34644
88562
21940
94631
76547
57802
13775
38238
12441
3172
56264
39811
37157
94800
32449
23503
85584
19296
24609
71271
93824
42107
82152
59487
92670
22017
98295
68234
41550
13665
18322
59021
56502
85512
22427
91026
7216
92658
77255
48180
81353
60679
27721
8684
45492
87405
7637
83221
30778
22942
1738
66623
9316
40339
9127
74628
79119
6018
15471
35264
7023
61049
46108
28879
67111
8646
1357
76749
12454
35932
86236
61671
4426
27927
50837
74779
15428
35023
13879
5907
57095
36142
76812
47236
25730
52886
4909
65204
4210
97632
40889
7147
68381
20186
3951
71950
96703
49617
98081
27835
17388
16830
53522
96413
66339
17987
18392
98952
55841
48546
88568
38821
57319
53971
3237
15508
44135
54204
4263
63868
11325
97329
40093
64767
43536
43073
54626
6936
29281
61531
20697
16908
49709
1248
74983
62043
1043
61309
7642
82720
38468
78288
40801
2869
50827
71797
28429
59824
32556
10098
81880
95366
91660
22667
5685
29483
50244
26766
94669
85093
89493
14275
32847
54452
63373
38827
21298
18538
1608
17130
23072
95638
31636
80130
67301
42028
54008
37813
55239
18869
41695
32153
75092
22009
80939
7278
98309
67586
86610
32423
42425
23793
81812
66795
18182
90053
71528
31532
43483
30966
48022
8549
28601
49487
29011
72551
26108
23565
44238
51923
35461
34280
39833
97494
1872
52242
60660
19879
23329
65655
15798
77749
42382
68979
13148
66174
17331
25638
77332
54210
38364
5103
71798
11402
56395
84726
5548
83545
14602
70705
8084
73735
96237
51141
56613
66027
13902
84154
99745
97367
41131
59588
20320
34506
60642
80084
62088
27242
78907
46077
55550
21454
98940
87046
29692
16250
7664
62459
2953
6829
83143
66132
88299
89648
60168
93546
38457
68068
62760
96248
51330
57922
53056
73996
16517
39387
65476
8602
830
82167
32526
69828
18392
95432
92731
58172
28624
38711
74937
83193
91307
8422
41335
1330
29644
70356
43097
43788
5138
25064
4906
54036
86571
52066
8974
12546
71618
9107
20736
22660
44064
81057
21355
53947
29364
14367
27608
61051
84849
90645
95365
58726
31920
2092
65605
50208
36235
27494
886
90468
6411
37291
93369
26345
86673
1132
51891
45237
21841
39843
70506
35741
48409
4813
1826
33538
87026
49650
61256
38669
47257
15400
6163
42342
86872
70154
24696
75402
38430
19907
58002
38852
91655
75749
46205
41143
59382
59026
47915
59877
11492
36017
95473
47520
93170
25893
7585
90464
29753
69394
31390
43092
44187
17425
34144
87099
92060
18474
90610
97224
96431
89396
24651
99969
71844
53320
83236
95957
79840
37494
93752
9904
7735
13875
59081
69709
5821
99302
81514
80995
28951
77745
96172
99289
51440
88759
46793
22767
29455
68417
94465
53119
98594
47122
58687
27298
73670
50753
42143
61646
48626
91339
17534
78344
85558
53886
25722
37434
64330
36353
81236
91346
29875
40695
58772
94198
20409
81403
74952
51202
46286
92554
34615
13684
37062
98147
42982
2192
31518
13697
9978
64257
45325
4290
18318
93428
47616
68845
17830
29497
69447
1544
86656
62503
25971
35003
22781
84747
26990
16517
22482
16118
40263
47614
89675
830
14032
8858
43666
90514
42025
61051
83844
65840
60940
22129
72278
6104
17268
92292
52385
18717
99569
11991
35800
87776
99499
60727
42824
59646
85838
61930
42720
34435
69075
73192
23151
14954
89308
22272
98799
85783
83066
97307
13256
29490
96618
70926
87821
54895
62969
46192
82075
79838
87757
80310
44062
38999
68462
35994
31459
70463
9290
42740
42961
45258
14730
91576
20057
58033
66709
79202
94512
65227
95258
78161
78027
44981
21171
46927
70575
42020
59282
59567
26250
59883
53795
12879
94065
1126
95100
9711
55061
82785
7258
89209
97589
97195
12637
63249
92803
72706
18877
83774
22547
35739
48541
30896
45773
83609
63904
79680
8386
2738
67511
48555
77128
72961
51594
21583
99329
89389
42531
25738
46394
80106
30271
20731
10956
95017
73021
31778
88381
43253
55527
95892
4209
40424
77115
28001
41891
36892
72907
84614
93614
70215
26194
89380
42822
77484
51891
88199
26616
86134
48764
65459
95127
59692
51034
99655
43899
20496
31599
16157
6044
41725
61692
5443
1950
25012
49869
24298
33055
12604
70950
68975
11397
25007
22265
50698
91105
31761
97387
47156
45098
41673
71654
87480
37392
654
96296
92046
37824
31769
98412
27715
18083
10750
9800
44647
34989
95501
35177
75052
48549
9740
13822
22390
23015
56324
11449
71601
56148
24615
26973
35653
32145
22629
15517
97394
82877
88397
62537
31760
23723
36416
40311
61824
37121
33540
38402
41577
98540
67210
24650
57105
32742
33688
31191
78331
59004
24760
9085
42400
97223
62510
95039
67136
88762
67850
41378
27698
67773
22412
72042
75828
51075
21078
91869
83977
60200
36047
69063
96366
86115
75326
83744
33136
30464
12092
44975
54904
30289
69762
80144
70603
43832
79715
14433
90793
45813
48899
78867
40030
17118
82451
2244
81002
59651
31440
76896
88557
36131
75901
59856
2374
8263
61534
1617
7534
82806
52270
83851
25353
28443
16686
65504
19876
69032
22703
93956
15603
39764
95319
2978
39708
15437
45588
80958
73218
78186
70065
19831
92256
62146
82621
22515
14414
64893
79249
40653
74787
24452
53873
23808
1898
68247
17967
54755
35467
20648
4450
45699
59777
31356
97407
61453
87995
32051
36749
85819
78608
24884
9281
6604
77663
73260
40153
36739
9088
7457
22327
43621
70331
87506
68014
44184
84470
6638
72184
84505
7456
19012
94783
81153
83201
2072
30656
23398
71244
19991
26042
54623
5582
47631
97773
40980
23728
88377
43414
1377
42044
98599
81289
64576
34925
59094
77464
34056
25580
77115
6172
17101
98826
18752
15394
49173
12121
64311
16159
60894
78294
83610
12122
93582
16890
75177
82258
23356
10393
56724
43350
6172
18615
96453
72261
64997
1510
94938
78859
89475
78204
79973
14601
34422
61608
63331
47033
39464
86637
89509
56444
75402
59212
84946
52661
16668
27945
51792
48121
65310
43735
46526
29717
71671
21969
94154
93908
4274
36897
26452
81146
57502
67013
44682
53315
28686
66065
46990
21989
92667
39907
7223
55687
30080
88217
19841
37640
24036
32608
15842
80263
89464
10200
63325
43329
5062
21997
9013
2652
41194
48861
77083
81304
63774
47023
68995
77887
22009
83810
21155
58183
28081
9458
34269
82370
37170
36179
41572
60932
56271
28813
75507
96325
40848
89114
1895
26533
25239
42591
34652
39937
38096
12017
95420
76379
56560
66254
17365
88530
65971
84884
60488
39405
55547
6997
92777
11900
7116
92157
71754
57186
47170
58400
3528
32207
49673
98379
60288
3013
49711
98361
27866
27335
15425
82120
17130
71703
2393
4447
85306
61642
41840
12936
46064
65849
85576
69431
92375
1107
18864
60416
91042
23008
96820
11938
61246
12302
24523
40489
62356
31601
97611
66740
87227
40471
86333
12594
25385
54108
26397
34532
32531
3138
8031
72341
67763
14872
51802
76748
63865
36116
18276
41498
5758
73079
5767
88410
89902
70636
45713
13800
65235
40070
26611
16637
93118
8570
26807
79563
94845
25648
64072
73427
99234
16237
43316
28186
58377
57800
89133
27211
68581
56286
3061
97786
60666
96725
28096
85841
95571
68531
83906
21896
88222
67236
59464
49230
37248
31139
719
46305
34335
22708
7438
76359
76009
74355
41885
51330
63753
90200
99722
50689
59212
92143
59758
45060
87544
8985
2614
45723
75497
16598
63898
96151
99383
10239
4624
27079
36190
17181
49645
37084
16916
22069
90343
50096
62359
45562
12649
14791
52367
50294
81542
31781
70537
57623
83843
53794
18396
42957
79642
79656
67197
83002
42091
95372
93511
63483
49119
51143
67078
58727
72144
36820
98756
3049
55220
33324
96005
33005
58412
42056
70414
44134
5485
53408
53079
7979
38391
946
81323
16893
34351
15634
53536
34383
7993
11232
58763
3016
97760
21915
33278
7785
34780
53273
34576
44846
15576
2464
11154
95150
9570
18321
43066
8322
62908
41837
97627
77034
18918
32542
4262
47802
841
92901
23387
59694
39740
53908
82882
90060
68733
4136
40346
63569
17129
20854
46779
58282
97917
33213
70823
60279
11178
69954
35968
18826
94573
88437
48386
54022
44766
49700
62509
97838
94676
23908
50285
68244
37233
2980
41809
36346
66505
86337
56252
21083
25730
56031
89528
38974
92246
79783
48498
10248
998
63011
59991
71995
84775
28482
53474
59870
97196
80034
26214
58607
14810
49287
92980
2404
33694
2118
19297
31871
61275
15530
76910
96852
51289
32423
25297
80278
92261
74660
53855
16137
67325
48938
80145
98702
89665
20904
22364
94496
82990
53181
42177
25783
34735
79151
47153
56101
95778
43724
7127
23039
83933
31860
18198
23283
56585
70588
9619
36485
57381
56741
48989
90095
66814
10290
92885
36853
52793
76584
86232
8801
71881
31854
19867
20224
78172
84019
92395
61553
50684
16944
46812
4621
97315
6037
28912
85550
69220
88021
57129
95074
78505
42139
52794
38035
81420
99033
72881
86593
50160
51098
15957
81579
72276
94592
19941
1172
87006
64791
97332
75174
99221
9168
58262
2082
43916
33267
2127
14249
41125
38164
13105
38681
38390
85385
35286
59144
63234
66820
77270
97015
12574
97583
88433
39664
89140
42294
50746
13948
12329
20227
15185
1206
34261
2377
49870
84035
63752
95907
61028
14383
8186
39386
16600
72645
42242
21626
47322
77368
63730
47922
14796
52658
44687
79423
36418
22755
58006
1782
74204
48172
37124
69205
11661
96162
41978
63727
10835
39712
50661
19157
84194
99873
87392
79796
18454
73719
62187
72948
80021
14027
54488
89752
60656
45954
96690
41029
36260
95660
10134
41231
23708
35300
88282
76571
39507
52192
27842
16409
38278
2917
7661
99728
62225
41954
67812
42577
93074
88493
92619
16036
6749
68427
95025
18069
19165
51946
94871
40509
46956
19836
90487
87829
63933
40015
4984
61144
56576
87664
95216
31696
17333
17341
13883
16120
97141
84066
36748
13308
24572
5520
83336
90122
88580
15818
86947
89261
73927
70643
83865
36576
87477
34547
32776
99340
60839
49603
14499
66853
2314
66475
64213
40676
76034
89814
59355
46681
53837
50516
25253
67514
87995
50628
31546
75233
57638
9964
41872
51750
81958
62189
6006
42276
19917
39938
9208
49669
52956
21909
71198
73891
10991
65911
78953
16400
55479
79936
33404
60890
80498
60313
88511
62020
59117
68433
41131
37926
96045
60807
22586
67678
44022
21957
61087
69641
70497
35745
58780
67318
17316
69185
18702
66070
38486
63394
91528
36874
57395
59562
79574
81690
87092
86704
87328
73665
88857
5311
76775
60111
10946
13089
14181
65710
93773
65847
23102
96915
25264
63775
96038
18653
77918
1183
14743
91851
98236
82519
7306
54616
93542
29411
38697
48967
55810
25455
29141
22219
38672
11480
29419
48856
77973
95012
11435
78307
19677
97189
66290
24815
38906
42527
20203
1577
84739
34742
28109
80113
56451
51362
31042
21442
74719
92852
12972
86537
4653
8682
44961
56765
97074
25912
64308
54354
55719
58089
18288
73009
8516
32111
8082
32840
41314
35179
96369
72222
9150
64129
36718
5477
30730
27301
33243
71146
17251
90034
17371
18949
3602
45748
67590
96027
47708
41027
86612
91608
50770
86177
28483
84982
21298
34336
46138
15470
36094
3258
40758
33238
2618
29731
43516
97620
65124
87558
21023
74039
13831
40301
91300
23292
28462
61464
37000
71284
93478
27175
35912
74783
18611
58423
84679
30835
95052
14055
80449
81226
47444
6744
5322
79076
30695
89300
58966
37881
55456
92014
83860
31634
12395
48814
2380
43536
57167
60537
91787
60004
8470
4723
29475
33161
73842
46057
24186
78246
53616
77842
86042
37223
924
36344
31015
91854
56383
27612
89763
28567
70594
81708
2752
35100
17829
97387
39060
91635
33816
25547
65003
38450
45806
94693
66344
71231
9619
19121
74929
42235
78226
28685
21714
24301
88200
29167
14455
92633
70346
51416
75865
25904
7894
18344
32859
97000
69520
58544
27121
90283
5899
29920
98699
87102
15261
90985
13202
56738
11147
48197
91456
99877
54360
62044
9735
68984
27941
21987
54046
14776
82292
63627
58461
32995
2908
35695
85173
40965
83981
84410
42479
31925
18126
99449
59057
74443
86296
83664
44648
32719
15976
39807
50407
42884
54225
44329
44953
56064
13696
77192
60033
52465
46698
56206
68962
32043
82113
71678
54221
56153
17237
11042
54732
69721
22488
19539
71348
27255
9611
84022
20302
95479
97706
6521
40297
92438
52614
61519
27295
6835
18569
74813
28341
68649
25226
61343
40725
66830
70049
27127
52252
80714
71540
92782
25285
58030
18224
70370
50990
56351
16958
88941
92604
30593
93539
63581
25584
38845
32220
30958
61901
2569
51751
32130
86990
1317
8926
33161
29101
26116
81438
62232
28821
50841
56819
18077
55677
56300
52318
59169
36050
781
48482
73790
48993
28135
69204
25793
12105
64503
91153
89688
2633
12617
97764
25936
80468
49143
80206
93558
81602
68864
63419
85390
76414
33193
49445
33715
88444
72237
49782
61096
28490
17132
33861
99308
2044
6590
49392
26898
42418
75979
97922
80265
83483
85636
25248
85179
5852
83534
71646
61505
21033
81264
26510
24516
45104
16884
6811
8629
24777
70039
79001
95401
46779
9757
99179
90164
59073
4236
1136
42642
77463
24896
91966
51300
50272
18425
9007
65101
17958
38604
73090
48867
92056
55891
20366
19826
11764
73474
85628
56084
83141
22046
11170
71893
81317
56587
90002
10542
54371
69254
13717
48590
17000
12225
62215
31482
89991
49518
97843
12373
55222
36272
19760
21281
24677
93775
66368
23540
78156
15177
2080
59522
3974
70200
94556
20073
66086
35062
54228
35119
38857
53667
15383
77061
74619
28708
65034
57646
64632
29670
28286
95653
75988
97112
25495
54933
21994
8043
77049
65988
6293
18925
53836
76977
99701
16042
57621
99606
9603
34268
80959
59503
85744
60372
19916
83180
15366
92723
58759
23074
10415
19025
11546
6712
78106
28601
99064
66640
35422
82240
12267
7522
44663
32820
97709
73912
34536
64249
81857
81855
13138
45328
78467
38503
52628
95506
39517
90634
88679
97766
64881
27633
97839
37068
1434
84970
6864
61591
46521
25160
15346
44555
94070
12464
98231
22452
6249
90983
40771
90740
9928
57168
8514
90837
66293
52722
67098
12332
82398
20900
76441
77245
76873
59377
10367
25597
29639
43308
31552
6819
94880
91860
76964
45686
50869
71270
86206
86595
69620
53691
74120
57868
37578
36976
59353
77237
25646
55501
21696
50913
44133
90860
8543
31715
20422
30920
82548
42922
93830
76866
50676
47761
21727
7791
8175
63939
77840
78939
45532
52736
58919
19687
69728
34722
25952
57081
64617
98426
55792
24537
4266
40666
53988
20302
88801
68780
26035
61100
56605
40848
8015
27685
67378
38790
6883
75088
75160
82154
56146
97833
69921
40349
67665
18593
68560
70099
78716
94152
83906
36245
56617
65713
85591
10744
62842
67657
38688
8417
40048
35335
93639
69010
98094
31361
17369
44503
68712
11363
1479
73102
55659
68517
17058
81763
57579
13963
68412
60483
98018
11139
10402
88414
74568
55380
41937
63855
23231
7526
3211
40071
81721
33415
41556
41347
5820
10127
92472
95507
3830
21643
67337
44226
50758
1181
40945
89965
74929
79357
77865
89901
41273
95161
18118
50923
3259
81505
59342
16315
44311
73459
77319
85310
2136
70523
62727
13629
98747
3952
97168
87893
89011
12466
2995
79157
23929
80259
50521
53973
13934
58793
95192
4161
10759
9092
83689
4061
19095
65672
25550
17290
17503
10897
74653
28208
46226
19155
61640
89746
23290
4593
58969
87269
34423
60240
76442
43846
70517
28223
7589
24099
70299
51322
95228
17757
30693
1386
86586
80698
12193
91837
82910
98569
41639
27159
1362
27677
94383
33305
24780
33048
93112
93713
55627
5183
13645
31240
3660
32112
49922
34654
50949
24859
90538
69791
52275
65486
56325
71853
87015
38855
37755
52150
68891
15938
72218
35007
9684
55041
20718
28712
29988
62290
42169
11206
62688
89532
51221
74525
24691
50586
32795
28380
67194
56929
9291
59102
48523
64126
63927
24204
17171
47093
54283
95744
98474
68589
87444
73766
31824
2175
15949
69855
32641
96098
29081
58524
99583
55084
41347
54165
37217
67411
27096
2164
76346
83108
84196
14127
79680
80717
52289
54899
99327
77771
82563
68974
48816
84514
66421
93407
74611
13284
90641
26021
8314
54056
3642
4127
40332
38456
36583
13231
5272
8692
1109
77595
26371
47067
85330
22848
53952
55685
49637
88442
52582
30282
66193
69946
88697
4085
57514
57757
4333
42324
65649
58882
50801
20217
36064
66374
66177
96190
29404
96376
72697
72084
52695
68059
36378
85945
72155
7033
19874
51471
1077
85022
28721
97776
66423
5989
32524
80376
64817
67290
13017
90922
92514
77681
89583
74955
80985
79463
29229
79112
2408
33037
64643
20697
4398
31493
62515
9253
94371
65803
73958
44815
44016
5854
55984
60691
75748
28838
7051
6434
54748
12205
3691
16881
53709
6621
96840
26892
69222
60008
10939
43609
28728
85940
80983
36956
20425
44159
11515
54146
99294
75677
46293
13528
19524
38576
30025
13340
6501
44948
44541
23860
57033
69633
9799
30397
87638
55859
80255
31878
33581
54272
20552
42721
77980
47365
40936
13646
58848
26944
9522
76952
45286
14105
5471
63764
35991
41267
48207
49503
51880
57739
97459
54071
50466
93450
13817
64121
40148
37054
76836
74220
74742
33569
31561
10780
47370
17533
81240
38834
72044
18358
16654
41460
42102
16296
80585
37146
74316
64381
60355
31377
76086
83845
5865
96143
39264
38703
46020
679
74814
69088
84189
26324
84915
92638
78071
93695
59614
46482
1049
65064
44482
65397
8586
20548
13699
3116
54664
95687
57892
55831
91782
50042
16058
11216
62618
92879
41217
5668
22575
85687
46314
75098
76572
14801
8237
97241
52049
9713
45041
82023
42655
99205
99379
41312
31837
96929
79171
29348
27253
20460
16229
95614
57101
34770
41384
59511
56437
80443
25861
82388
96733
39075
78300
62280
76749
58246
7701
29039
78698
22042
93199
91610
8348
80034
51104
13913
71230
46339
93392
15823
32873
79780
19331
5331
70888
9617
44481
11195
16230
48376
7318
56244
28140
75855
79992
74988
61102
84397
96111
12089
44570
55623
44111
4322
32085
89414
39737
34528
63997
89807
63234
92359
81309
84435
9575
1110
57535
69176
40502
95047
27376
33685
89464
73819
52781
66346
50434
82509
46267
35872
32397
63334
3938
43316
3046
95374
14963
39867
85600
72585
16965
71520
89365
89611
18645
8434
96050
16529
13110
26986
82442
57600
88293
41309
23906
4166
25881
5309
59279
9683
55658
88915
3777
11750
95242
35631
79760
59381
19760
52484
50556
55653
47597
91961
40861
14635
35200
76137
53394
90163
54294
93774
56064
16003
38521
63245
95150
1668
94202
26829
25454
38873
41169
91783
18222
32046
86872
65782
69036
78361
83402
49000
94614
63984
85378
68265
40482
82413
61426
5533
1803
29447
21827
24646
16536
58099
3499
84757
59846
82556
99869
51918
9594
41400
85358
89812
73951
37796
35923
26683
70683
40457
28012
81768
63794
82384
43391
3803
32317
98995
51881
4475
93125
13579
45648
77130
97460
5128
88290
44716
83397
77563
55678
90934
79043
56210
91398
48930
26278
79888
2414
55508
35334
59084
21473
4062
96446
65390
84578
98035
84107
73594
72377
42278
23500
43666
91375
66650
39321
36800
22581
64121
61440
27061
97747
92550
65035
67895
56526
44481
84406
99164
39657
93477
33503
5118
96604
76025
52256
35687
14827
48997
62877
9344
49797
63902
50378
78765
64541
97721
26307
13443
80525
67114
86820
63294
28640
52456
56169
79697
7151
3471
54364
57071
9742
55541
43407
85525
78841
66849
3031
59591
27445
72306
60641
64963
45621
67754
94641
45821
25608
87370
91373
73849
41081
14446
22696
63260
39696
78581
21733
30355
90397
3992
24279
88411
40769
56904
99547
35323
42597
20510
58458
34351
47392
64471
68221
32299
58704
94185
3085
60025
88622
46772
34422
24101
44935
76998
14446
16564
61962
60067
84589
53654
19337
2283
73091
68522
99847
12126
41561
46191
78667
30033
85159
38149
18747
57476
55899
31770
51132
42986
6222
57264
51856
95292
96252
76295
6815
88779
79639
73147
11676
64370
66299
29493
1552
27267
83802
50948
84746
8655
65945
90684
64926
64410
71943
3120
50733
79530
35449
48283
34961
97622
72861
29204
31426
6982
53557
21973
70886
86206
91847
23246
66879
23733
27361
74531
68467
3045
96181
10363
86511
40772
17264
20664
62607
45698
47555
5516
82765
94346
19289
58283
38929
72026
91586
98886
55052
99629
31706
54153
94095
72280
69031
83753
9543
13748
90981
44858
49482
38084
59609
35816
68614
16233
82364
44934
25593
11566
78172
12980
13249
26384
96802
55228
6156
88827
58028
65690
56888
63622
14855
69108
29577
94334
75000
63041
59332
26125
62616
27923
86786
19142
36897
55177
31976
19661
57915
11721
44860
19310
22822
43176
51169
70031
93459
13169
69868
11304
55313
15333
40163
58132
16662
14871
93589
78710
72922
2810
57238
54767
50369
18832
9583
27789
38770
68743
6049
93552
69964
17163
90128
40688
55347
73616
57206
34789
52769
19375
46959
35960
87302
8135
69633
57467
7151
47105
30335
92125
76570
97847
41145
33453
5361
77950
38719
13575
84835
29207
56670
83484
3971
70490
56742
92418
55519
75474
64316
21110
4468
48229
63386
56753
13240
62570
14063
11769
8618
70659
66028
75380
98212
65711
1141
44249
26934
52526
76777
41962
4556
3750
21053
56679
63360
57991
60168
18955
2521
50611
42743
91682
28944
95806
70088
73970
11748
55311
72419
22262
48853
97470
17323
3424
63788
3056
56709
89055
28551
75176
37782
9245
46072
16867
59725
62970
38100
54026
68142
59836
74354
39135
18250
51004
96868
40996
15482
83802
2646
54812
86818
93114
31329
97104
85005
86498
94909
52820
59250
82260
88909
94390
36791
78002
92404
96744
57382
31248
79457
7818
28241
22925
65855
48869
40523
16425
96236
97157
26559
85443
69499
55813
73213
86551
89606
54174
2509
66245
510
61777
14013
3082
15352
49626
75424
12291
57515
99773
88943
62576
29800
95809
96920
51872
40920
75011
2787
83549
85605
85359
15534
67782
96731
64990
13911
70783
24321
13047
46990
12096
88554
67689
24600
35626
44736
20944
40805
63631
1642
55285
99224
85396
89729
6248
21071
29437
81741
78322
8260
19603
67646
58086
95286
16321
42550
27197
49480
61531
46148
98620
75271
3083
67660
22641
38020
44979
38245
3027
39781
17506
4211
35212
53208
11648
51202
46564
66437
92905
32054
8933
42241
82403
53877
6737
30775
76996
70008
91462
70197
80539
37746
61190
47102
5031
24065
24572
29312
22934
11796
76834
50392
30194
85152
81581
89522
48387
1411
38287
59594
29985
77114
34102
14799
17960
76220
69691
64071
29535
98575
41369
31208
18975
39527
55906
49382
89656
92206
62717
63289
78809
80070
87219
79606
45658
25066
27608
66984
2516
27092
82928
29634
10526
8099
2283
86004
66332
15303
6928
60747
10532
79220
52070
85373
5859
24058
11555
93124
66269
41879
57491
42425
552
35693
85786
48831
75139
56978
80880
62914
31688
55759
46439
6370
14237
77930
82368
80366
71913
67384
42652
88597
32647
32367
2050
33285
33280
98729
31059
82016
33061
97166
627
3654
41163
40665
92051
63691
99296
77740
10544
45504
25196
34537
37843
12488
46052
47816
71033
27137
95835
83079
84761
32882
7820
36900
21836
1387
16139
53123
44572
90580
2727
7422
61576
14082
6892
14943
14561
65770
6494
5526
78921
24745
37806
36233
83436
29690
67714
23497
12902
71585
73235
8701
7538
53804
96743
91758
21576
73163
6390
58209
16736
32252
68656
21750
69906
89476
86336
62594
97779
71061
21876
48947
8064
38554
8278
80736
60811
6168
44704
3657
71145
68537
84507
6125
88074
99438
30746
48739
2633
86185
59122
53163
31783
94443
19149
89649
6191
71133
45340
28101
98902
71432
95031
74883
35503
86173
48013
37185
98399
48477
88055
19247
49292
1011
15339
970
34104
88657
80317
49247
41136
1999
13080
53697
18878
43756
80196
68464
27354
83199
32536
52644
22131
57339
30678
35345
1202
31736
95202
68419
33289
17237
89163
94544
94120
61353
55263
24825
41740
1852
19206
83077
65579
78819
82594
4334
28405
3097
16148
28743
81151
17448
70734
62287
38448
97797
93979
4275
51629
21521
12774
95774
55988
13811
11160
75946
76315
97820
77385
19107
52887
32971
31378
63126
33864
44180
55758
98337
5334
64317
66313
83790
75586
30962
50119
39878
30608
5983
68749
11772
74634
87811
88423
95971
95736
2053
509
7385
83890
46232
44553
88644
45352
23680
14031
11091
78949
17210
60626
69187
93898
57547
16953
19463
60505
86228
41995
25797
40279
7003
35025
28559
58101
2686
94633
67787
94035
22076
5588
87948
9698
48252
11277
71040
20211
67273
72517
515
5424
55370
42345
4821
68411
33255
28640
2740
79486
50530
57239
69040
12844
78440
5455
47346
19348
21748
58158
48382
10026
30108
67755
26297
19529
65610
97663
14200
42173
34536
35737
48501
12241
11743
41046
62769
92302
89497
2697
40766
66350
59369
74929
78236
15341
96392
43354
44703
27256
10772
53992
9173
24465
23376
96535
13602
22343
7146
56845
12674
88483
11336
28141
51640
33733
8666
2996
73756
13256
60327
2434
12656
30661
66448
73076
88341
95818
24437
88629
14831
34279
75881
86780
16308
94612
52509
52816
10937
17521
22648
7954
62258
12275
8658
83301
87474
84918
4645
2233
94704
66917
29087
10053
91011
16961
15241
17372
97587
4649
92679
19484
6712
88318
28627
93434
14212
61804
69617
98365
92612
49269
87361
56112
66519
21069
75403
14539
73554
90247
87885
61211
78771
47371
7199
27643
40120
48285
85633
54856
15056
26610
56859
95015
70934
54276
4073
86607
16109
64888
7400
84718
93676
42194
99992
1811
35248
63933
3416
96221
79974
24109
27762
64520
9654
570
1115
33663
73974
69852
30351
88423
4585
95247
65560
35884
85046
57409
61054
60095
39793
38281
24279
99406
84359
9607
88166
63997
23066
11122
28982
61375
1951
34696
26505
62680
78202
33752
81151
79178
74008
27445
71301
10983
30538
9024
8612
98653
96984
42839
4020
82596
73032
62104
68688
48328
94243
98931
34732
80247
64302
7590
24871
18871
86980
53367
31646
35041
23305
56184
32283
94591
56161
81177
5617
82311
97901
87288
95134
87326
23651
84265
90417
19706
29003
61540
29405
77196
63674
56813
56997
71173
89676
2200
33752
82332
12632
44403
38513
73701
30668
92258
69939
56139
77164
78669
66463
83455
18797
10960
21501
29768
25936
14199
25111
66739
80586
44078
36353
2592
60158
49783
39591
12090
42499
80857
17621
67622
79151
53433
95637
64202
28047
67705
58006
29937
54989
81840
73863
30299
40541
67021
76553
32035
27103
51715
85016
79396
89527
65171
37218
30983
48487
30971
21501
16128
87268
35707
3090
37812
57662
80855
64823
24164
94455
67153
20032
47284
23859
16568
16328
99131
31385
97194
44707
44394
90465
56101
80536
35896
87915
80602
67378
41968
23039
85392
38697
46883
77574
30856
34367
85907
49585
80127
52330
23045
19970
68033
87045
68181
40068
27447
7596
92889
29049
34160
59961
35421
97780
32109
41195
37758
23329
85719
97407
55622
50851
6325
2577
41141
51941
48375
64551
1227
76351
40974
12822
81527
85221
1731
54300
57596
35529
91428
57595
41269
9124
57823
64744
38445
28484
71957
49825
43858
42545
43459
27789
23097
29924
25642
65879
67840
93048
85948
88043
28994
2126
87535
67769
48047
11503
92706
70766
86563
41954
68701
33388
68570
32458
80032
80234
45339
96663
54000
87981
89959
72485
57097
60776
66259
61198
23862
80055
80346
79417
72527
5368
21493
94826
80764
15242
27139
45488
52482
83433
21634
4657
14667
44316
26851
70262
21095
99258
19753
74764
86607
36724
4559
37692
46435
72652
91362
73952
81915
22316
54558
46384
80394
34102
86941
3518
36649
66069
18178
93165
72653
84187
38317
5834
44818
44717
35630
69201
25277
29392
96156
32434
24189
35767
75164
62864
67149
65573
31606
63643
59525
31585
89025
62520
40785
36384
26757
93376
49644
48372
32522
49925
71069
75965
88144
84161
33345
24422
75939
45758
96384
95597
4456
4023
55707
52070
30336
41353
20270
92838
93371
81218
10288
18508
81536
69312
15745
80621
50987
12243
3784
31974
72454
98959
95156
58228
702
55098
85347
7635
72204
4017
79260
93169
14468
47588
69919
95763
15389
75485
89709
33140
55614
11773
75517
9251
19004
56381
24682
48473
9040
59752
88056
49333
37561
65041
16835
35454
24815
56710
48815
80106
31809
95692
4698
5086
41079
20117
79197
51133
97638
63180
91401
51757
47608
21194
44353
88045
78027
55522
8082
5370
16647
56065
47107
47081
65943
23158
96189
9865
1951
50693
86858
42499
70677
71633
52912
4425
72674
76066
75041
55799
96315
51969
86582
33701
16321
42726
10493
84950
36002
88906
22817
63801
6582
81543
91875
43741
64773
72422
64360
8692
11285
20942
96187
7111
54021
79235
41495
69635
34766
84017
85214
67673
57361
21241
50328
85284
97071
46493
90112
58424
98730
72427
91167
80032
46039
2513
77019
42609
53990
78232
85772
36020
40058
59859
42925
14085
84306
55279
41029
78699
9559
1232
57250
17615
83296
19094
79091
8625
25142
788
45595
96573
39604
75243
90452
66410
11277
47808
52148
83065
18701
76811
74318
58372
59541
8328
61272
75933
13074
38604
18220
95940
65234
19928
30604
29608
54375
59645
77794
15925
8301
76601
66568
28122
33262
51671
35047
93662
7082
12041
91363
35676
75071
94078
98928
18705
34021
77802
12091
59273
9152
96914
94771
52120
45428
55013
27660
77967
97681
18036
70158
60860
63348
35044
11459
23502
38093
86903
69457
43941
90716
41168
95452
38379
54017
71143
38216
72385
9993
73756
27609
27638
45650
35981
84656
91642
29645
72643
55231
77730
49380
99421
20420
1595
42028
84414
76221
22675
9818
39855
40079
86827
89201
36450
91012
38724
89166
45391
89383
10783
72355
29410
98487
51912
6404
19818
79110
56020
64260
18366
71632
67743
94040
11715
65055
33463
41139
46515
81263
89500
92306
81193
4087
88761
51413
44980
38461
3833
83212
88199
99211
76725
46079
52023
77202
69953
95725
79670
95534
17291
13394
80693
94186
18313
21866
22992
42980
37167
33431
88366
34889
69110
89563
57374
39268
24166
7671
78246
49494
44668
37966
43901
92686
87075
74896
57365
76663
75484
19079
48940
42428
2328
5695
27037
64904
40208
61400
65768
35600
13137
14570
15777
35761
93872
29347
84408
73318
31904
33463
82305
13056
33666
25405
89131
56480
24772
61114
94510
40987
7349
68974
93432
77616
90391
17703
63703
18362
28650
49607
6024
29170
53802
54102
2912
71044
75017
74733
86993
76642
6175
25722
13558
91257
60608
29359
61373
34619
50427
97962
20053
28585
15141
52015
7217
23133
18009
18287
80578
55753
1213
39919
5868
65683
77607
23877
69119
84043
52837
53148
23771
95746
84105
73772
46611
27347
20003
9783
1104
94426
22579
29456
95261
93507
85565
83369
53367
11110
63994
82423
24892
47094
69983
71376
95353
62767
63385
93422
85073
10780
15579
50208
35721
14674
17141
43764
36957
22513
47309
76922
91959
52127
33926
11245
49409
7558
72709
24173
16886
53672
12256
88367
17700
51145
42872
27586
41291
30598
81395
41158
67700
8356
1368
51288
26292
53372
56550
97920
88789
8313
77233
54417
12089
52995
84907
3442
82774
89048
20846
48755
83790
92598
25694
67987
79683
25589
17067
59745
46277
93220
74916
23531
8071
90481
26763
53923
87217
30481
77858
11366
95520
4202
79077
25284
37861
97113
30890
82591
60532
34777
86322
44150
78667
84575
35039
46363
31889
54973
21909
34613
98471
53331
16522
84137
3786
95253
37723
594
53132
75451
23112
34328
14549
23838
28607
67021
39348
25714
43337
95541
5418
93776
55585
67051
62097
16414
53455
89424
8075
1162
76854
84735
83799
72400
90730
19817
54661
40134
21737
71442
5854
62320
32599
88418
69826
29473
88788
49104
8093
25850
81574
99172
61279
77723
68376
37152
36072
1594
84732
53937
70599
64645
44895
72150
19599
41213
98947
58930
90646
44792
7685
70438
42763
91454
99022
2186
52569
87124
41904
11707
80254
74138
1480
58359
12724
16687
23235
83985
80743
56298
31663
79715
46030
39338
12811
828
88505
84308
44351
40698
38330
92659
70381
72474
83873
49870
46547
43550
39396
52786
85655
51023
60321
83066
86404
4698
70785
9855
92494
47498
54976
24879
8202
13860
69887
84386
62061
9126
28679
25328
64149
37745
12282
32254
41930
90678
18598
69046
70835
25591
90036
21227
31209
55045
47401
49067
27563
58163
25066
51526
39086
98497
53056
84306
29342
12183
41765
26676
69773
43391
33357
49509
60109
5409
87398
56961
64010
81175
43283
66183
77088
1525
86596
85260
83746
94113
14044
61577
2956
41239
73694
25228
17573
11177
92641
37468
20728
11506
84538
23653
75166
20627
47711
20965
74396
23690
54316
70729
90642
26261
72165
50319
25309
18231
80178
53841
92613
44655
87476
1455
83653
40935
55095
6433
13079
28336
89718
92327
26039
79947
61896
45805
77391
56969
71584
86033
33582
56763
3296
84851
44865
76565
3433
91300
54439
1341
53398
4401
22801
71880
84789
33591
22341
66506
68736
69573
87769
35974
61653
39810
99596
16592
53571
48466
79081
20505
67212
75290
10095
45071
58748
35854
49352
78944
43721
33409
19150
31290
8480
64752
48604
43201
24258
1960
71054
8461
98516
64190
73763
13680
95970
97816
54875
98447
83473
3681
66157
91513
81588
84087
6053
98694
80178
52030
33973
31931
68382
38285
79169
65694
53406
49857
34610
36564
88156
50714
1798
35075
11758
14349
16384
11703
38287
36362
51358
80307
14131
13565
93543
82682
30649
12308
28690
35479
18557
70179
33389
27830
79183
1783
99371
61777
83834
93968
98353
94888
34328
19843
36763
50277
31523
82629
60430
32963
93680
54733
88997
28519
63637
23937
17827
2641
28500
19540
16482
88678
40998
25443
93884
6465
28170
94746
63769
59556
13316
63631
23345
26443
86491
45178
37085
7606
5760
26979
88702
53591
82178
30501
32903
40827
8360
10410
88582
33143
44783
48387
57328
39901
66930
26926
97423
24760
81620
62561
18152
11072
50525
48574
12384
35717
92965
80859
35969
85747
65959
71691
76838
99168
5815
18121
26599
45541
65849
16968
79826
71183
47751
5600
96750
50058
90523
80213
25194
45928
62845
6466
29526
81623
88880
45444
26472
42037
98532
73364
5140
56862
34496
22404
78793
75820
31774
6151
9071
3059
41288
67056
31417
46077
94872
26484
76387
46840
75003
86112
55547
87906
75701
11575
36016
20021
64186
21323
49916
41825
34066
21198
31149
88112
96873
80628
13099
72154
83353
94186
53300
76248
84671
19945
12483
78677
61060
32221
59761
62046
61130
88788
13631
6577
77152
24061
10927
87125
58248
70721
18619
34567
77924
6249
41310
40116
14830
61611
6156
67253
6286
53849
88645
11860
5293
56358
78949
40548
21917
95756
7795
21932
30640
68970
49793
5465
32293
79492
25699
82303
56354
59987
74037
15250
92566
48503
68865
48421
69407
73506
28105
34209
46853
85435
98880
49579
80263
99431
3297
73391
38040
45034
72410
31858
74330
53937
30763
36231
71104
74644
26804
62762
83111
77616
92267
22688
5720
664
97551
29027
54370
82474
2097
75308
77495
71722
58412
14025
43694
21231
50940
85796
38340
28710
67501
99118
6197
48585
43335
65795
63609
78042
20136
80309
42414
34832
48452
57650
28169
37070
10473
37787
10907
622
81575
48840
28815
18611
55718
34460
90208
32640
83830
90507
90506
77552
99522
31985
21945
10679
63757
55279
95788
58758
41958
10071
7602
90114
54073
99448
34344
28581
46445
67603
50115
69742
72970
20966
43998
87484
77729
38501
46424
50181
70794
99717
43135
70295
92302
95314
95934
30383
2083
60931
90203
71036
78577
87936
28792
34116
57253
69059
53185
83848
43628
69917
24712
93338
65905
25575
29197
57055
23615
41439
89114
28258
46372
59207
52159
74421
60070
75879
2682
26969
67596
76828
79804
85187
79982
54299
93051
32807
20110
32328
66994
9412
88303
16169
75446
69132
78811
69425
26122
37335
6679
42845
64081
53512
4004
65665
95215
90861
59443
89267
58771
82078
74092
76982
86089
8226
99104
74438
12770
7375
65202
99441
65012
70802
18018
78989
11340
97703
30858
93001
12337
84403
73550
28887
90775
64760
71796
7152
57386
15909
98850
39381
69451
29015
5862
45120
6081
43774
90331
48968
97174
21401
43972
89255
50460
53703
7854
97439
22623
63219
6309
49482
72395
15801
14544
41327
66393
39259
23461
87815
21266
36025
23375
66472
36732
3477
3763
79157
23989
61253
64859
82983
43406
6280
13801
97400
66077
21079
4062
87155
35566
45364
41921
16114
18721
22306
98266
11085
8041
94461
65901
10675
50783
22078
50392
38443
31640
5442
69150
62592
8646
58775
5857
69556
43267
57987
81829
27563
47019
76303
15959
48489
68193
20789
26212
54047
37674
42020
96066
40246
52290
97717
1842
44527
79684
744
34058
62848
13990
44279
13951
12502
68423
8548
69355
99688
43524
70337
96726
11371
19840
59363
33325
76046
7912
4849
20493
58451
92377
68638
87869
17574
61387
29724
81455
50711
65485
80123
6175
53604
60458
31296
87822
94841
24314
21053
91193
27452
25140
36508
59267
41134
56149
70374
43497
67491
95159
81207
61385
48234
22429
15692
6641
88850
49762
95134
46564
9978
66304
93108
41969
40893
54181
23284
25872
91404
5568
54490
43763
16959
30411
91237
40304
65522
34652
60881
64152
6382
55637
92724
81323
41130
27219
34267
19596
42082
34587
56567
98983
58006
14176
79554
52674
42032
45561
76380
91699
38307
13949
17349
69894
61972
31179
25575
55472
30214
70872
80694
43886
39887
66767
82180
61058
83962
61914
26159
54969
38021
18018
8673
94264
31382
64160
54311
91933
79867
25458
80493
56576
9928
99014
15616
33633
80330
83388
75756
82056
66068
50586
29187
18590
15462
1819
48537
68216
60357
60151
34691
89434
70226
9204
70089
47616
7027
56812
89882
75273
50184
48782
43826
94852
79451
12895
88131
8442
34804
55890
84241
11703
41260
30262
21453
19046
62209
66850
88339
88007
90082
40723
26963
55055
65556
94908
22934
28386
19131
3866
24651
86274
18033
50004
90756
88964
37378
36511
86859
36912
35942
74310
71450
63449
17495
38453
51583
98524
32081
28943
33438
13573
987
37001
78119
19715
93628
34506
38452
21210
68880
49912
34844
63109
88135
36399
644
49879
45399
33903
37718
41264
67107
51812
38074
35048
27999
42611
14985
14094
69124
10151
55739
74456
95514
96524
19152
97793
26992
29567
49894
36362
78837
72966
76947
86854
8011
16522
28734
18717
71317
5970
68326
15983
11904
39399
76070
34761
17948
53921
7505
29645
71393
73291
34148
59922
53869
62615
89005
45847
34054
94305
22603
3181
93581
34338
79395
87314
70599
15926
16813
13128
19257
86228
90631
7967
89850
12032
83655
49131
18771
50404
96914
59450
91483
80213
77660
19129
66093
12361
70907
95977
82039
20325
94068
2582
56773
8543
87669
76842
94676
76541
38790
97907
43366
98292
14580
36068
3858
21301
19966
86031
6137
23869
6346
64726
71643
52958
20638
21754
68031
64241
60921
2148
65185
84942
17673
82036
49664
28618
36498
26763
26898
37448
74024
87918
89557
97929
30608
34796
76823
47888
51710
18377
56930
1023
26629
75659
79718
34300
8958
64606
62954
15587
48635
99871
83962
44240
76144
15112
42697
41497
20131
92810
17908
28662
43597
32190
69304
48021
62373
82842
2247
35957
44681
67484
88371
57764
55607
98371
1049
79149
82401
66546
65076
53307
7092
58569
96589
21766
62401
69166
70066
17834
95910
60905
42648
86609
75044
54972
95621
62814
18487
94275
57387
91245
55029
65243
75114
56136
60697
8607
34566
53340
78803
51532
40447
90038
90430
35089
20679
77405
95194
44635
40040
42475
1240
90168
45022
37374
90075
73017
66472
7081
81677
9688
72591
69125
91591
36466
94975
63358
8375
55530
54075
55687
72288
13741
62744
50031
74649
55533
66110
25512
5905
50826
79889
67042
9472
51485
93584
80118
38008
65856
17063
89354
16091
82478
38900
7138
1140
95327
48156
88198
33930
71387
4740
77039
3874
42493
69511
72146
76631
35897
94176
98236
48847
55356
90165
44390
31231
25692
86821
6774
2236
31517
1846
69552
34424
25952
43858
49450
33266
36429
90240
71630
24648
23162
66923
49215
12530
2632
78470
99502
82317
97302
29805
49174
1176
47305
75041
79730
49614
39939
68116
38857
37804
49361
99722
98389
40210
80976
6580
52847
50248
95541
27682
66987
61788
31616
1718
89304
51089
67621
45605
72484
42972
15911
44895
98494
16391
62157
17092
56854
40395
65263
40571
82170
80562
12185
7462
20812
33661
32403
41092
55791
99074
60771
26997
51368
62600
37058
7525
35406
26927
97316
2159
83358
78476
20116
62515
47806
99244
46379
91144
6597
82385
8579
2844
25354
71997
62468
17450
59251
76900
25619
38320
9930
46282
17776
83803
89635
96159
80085
36725
28772
78724
51404
49940
7380
65086
15824
66284
49669
50094
75524
95526
62776
76970
29845
20975
19197
23774
71724
63815
69238
97934
6686
88802
21157
21578
36803
22041
5302
15277
26216
19519
68343
35442
30996
34200
92089
17668
67567
79968
78216
46007
79530
96669
16525
11062
24306
28661
13669
91233
72340
22736
18346
59915
83643
13757
33175
13915
53077
37308
39659
82160
11774
11536
34710
59246
6667
51059
21094
73503
89555
19060
18913
63050
18797
89956
29845
93399
91343
49780
92662
79391
8604
10091
65931
13161
54115
60590
47361
51023
30063
26351
69966
55909
32034
95651
48617
78055
66393
22043
43830
49505
49826
89084
58619
16480
18331
48406
58588
34003
54967
11521
53788
56663
7079
62977
14407
27097
11417
21991
60295
44107
49706
31305
81899
646
48872
25931
50224
85458
39676
22503
7015
63581
83465
28041
55530
71022
39991
49109
6699
29524
54637
88580
20014
23894
38233
63476
20762
30245
26374
9164
97231
50206
46075
31755
96879
74958
71265
13482
62628
49277
44891
95529
21297
47908
96885
38826
52400
29684
46118
10774
1148
90044
22993
20886
52528
17783
40070
79559
26992
25547
7307
11106
54767
93841
23222
32332
46561
22991
74244
83977
77647
89264
93020
37589
53880
83317
60526
65546
68629
57444
52785
36645
31299
86999
71935
54700
92493
89188
31702
75277
64195
25821
16061
58455
17504
12860
75817
50484
17174
35785
22819
62984
13817
69943
88172
78233
80112
49658
49507
84825
71582
82455
69852
38757
20013
50392
57423
6031
71079
76752
24539
45485
92270
69362
44848
18863
21678
66627
70648
71263
33205
90594
88666
93814
27926
77228
49095
82601
98251
57897
49537
83569
6210
54501
85974
19230
8305
31347
48974
30830
82408
71759
79380
83915
31850
92392
92643
98297
61845
97394
34204
97402
56391
86342
55094
38841
23748
73773
20993
55829
68742
3845
77536
70326
42881
21626
87565
98581
46384
80190
49203
66499
71883
84689
87544
33829
34622
61521
1764
27771
73265
39537
83209
62724
13206
28565
36771
67313
59297
58598
47897
18516
4274
71254
19731
13250
85139
78676
37171
91095
29006
92397
25809
9384
32650
45448
93269
89542
28688
10466
27350
19727
66151
64368
54226
50136
30761
68126
9390
5336
26387
17048
94676
26557
33215
26673
76825
67978
40759
31968
7400
4625
21770
49985
78148
86553
67979
5331
23877
19070
43187
40056
89554
64756
15947
28293
81937
93486
79620
6920
89924
19399
65828
8962
47104
46551
50387
6448
29539
78280
17003
76277
52555
796
58467
92144
46261
45507
47156
23283
60290
95050
7411
11288
67106
21911
11657
3289
40862
42595
31915
37931
2390
70607
19924
90772
30855
26573
47599
1583
75007
15875
35199
95076
58129
16318
37666
16818
78780
62966
21810
7197
65068
19704
37856
62191
71976
14357
25070
11593
13040
50628
39197
39509
55437
12610
38547
73534
65469
24782
14974
63269
42489
68250
80254
87625
57187
33946
67379
56769
31177
77608
64351
76127
91012
66884
10449
18867
35467
23283
54037
80118
16791
56121
28569
20112
29487
41570
4952
3475
41438
31021
86878
24370
20295
96403
85468
32302
59090
6336
13691
99697
97719
682
42598
93100
81118
43625
3262
99093
81864
4269
81337
85881
9445
10475
9042
23091
8361
4726
3758
77161
28267
80410
9701
6393
28309
69569
41448
3375
82894
5490
33103
6495
88092
98087
16033
28275
52831
31936
3012
85143
5868
36082
60618
89620
42151
50073
63789
64233
50068
63321
98981
71597
65697
39814
57899
6350
15827
64100
22161
42475
6029
8559
67149
4052
53229
83588
91505
96824
58940
22469
26074
31138
55720
95442
24850
59385
66517
6778
55171
34760
51565
88583
95210
37644
67967
22549
93692
10930
18102
1246
33898
90481
25601
44016
5493
11336
92450
62065
75965
75213
50867
49985
31360
79099
651
82103
16359
84359
78330
28427
24506
93375
26158
72551
15942
25209
90145
68767
17405
64333
91095
18705
58128
24961
48130
80933
59949
11052
86476
51792
28520
22661
31725
14123
18297
47355
10674
49811
2312
1579
55359
31036
53711
85893
98693
87460
47328
72337
5510
3182
35116
78816
43252
97152
47901
51012
15725
38905
60508
60288
78049
71109
51574
73360
13763
76238
33506
76937
74650
39674
25502
44334
47861
78849
89846
49575
56479
34286
37469
78816
8663
67577
10883
35076
18547
13563
42560
21028
18483
96178
48808
89033
81631
4156
22750
59618
26414
58192
63985
23671
13452
59656
9875
32459
9020
72818
14388
75441
44131
11824
45627
20955
45797
16174
59161
65135
84680
53691
20334
13159
22492
26733
69843
39609
84376
12777
61307
97024
76972
99104
56727
29077
85590
54842
3921
24820
88102
14417
29644
39431
90601
40700
67132
28014
85795
93999
5636
10670
76132
59601
18131
56190
22018
4440
78736
66505
17966
93147
44613
94371
29894
86664
82860
32724
57664
63763
73239
86554
21209
45070
63121
6598
39746
49484
74366
55084
40268
36651
89642
742
28456
77023
90370
70379
97505
58107
59792
18197
84314
48625
80562
44060
18826
33501
37805
11029
61006
26405
27915
91453
37173
48195
2639
93279
10925
26083
53676
91943
97430
42001
34730
52325
52266
8323
97431
21047
745
5758
27657
67766
98395
92601
75133
38828
52847
16285
14364
13452
43895
13312
52742
20026
7667
88458
32480
42703
82198
73314
1733
8261
98524
22216
15869
58446
71753
11598
38027
84772
14632
86451
6742
59680
84768
73077
50885
77280
23706
30884
11826
1106
26734
92935
39245
21534
48809
81927
59065
13516
57487
15399
59969
25682
8835
13185
16289
42701
43262
94141
36739
75426
5328
9481
34983
1801
58137
29417
4682
89081
3645
28426
58734
80882
43668
71800
30941
63029
45898
2770
45517
74357
46038
60520
87010
52352
94915
96203
51753
85646
19208
37681
3326
12078
79123
66350
72152
2177
11098
65743
59176
94239
91126
83392
38588
97787
60410
94304
21617
50072
21258
68176
13705
67795
25526
52624
12711
79013
49138
32094
51014
84242
13893
13869
18644
46502
19579
78586
39907
10224
51190
59794
58767
76621
45753
14651
92977
22730
97014
67709
42051
31634
92586
98102
84769
3589
60734
91208
4122
48340
5426
10127
83181
40830
64116
65029
73991
14206
687
82022
28530
54340
78015
78608
49219
79031
15917
6785
94621
55502
35307
82958
81752
31713
46560
34835
37616
4560
20466
58875
81640
80383
78446
43386
18754
20899
94973
89181
93665
82634
90799
12923
40389
27498
22257
87267
13912
70402
30478
75536
34864
54257
59587
27167
81383
6016
43753
76781
20477
89308
7321
60340
29604
48914
28665
95422
32484
10737
36680
8427
99105
71260
93534
23485
5169
39665
74415
45407
54566
9393
69735
92615
17994
3249
78440
1578
56518
92528
71795
14860
29388
63906
15475
10815
65867
53874
96036
42053
89513
65991
47460
28154
83173
22242
6910
21757
12361
14596
97050
69583
27831
33042
4998
36824
13962
51619
98577
17955
1059
92205
32724
76487
53052
91577
12108
56890
53949
50751
24383
70178
83411
7520
845
98372
9922
46035
90577
4990
3554
9399
38855
62793
35130
2007
12313
62746
79064
19507
19487
23573
70482
53045
3741
16893
9994
81906
56278
91819
96410
76286
19996
13147
67527
19231
72794
60546
85730
6395
18294
59011
41506
47069
36590
1909
57505
23404
10861
85479
87347
79983
21530
2317
31383
9497
13570
24495
33907
86309
55033
92158
57118
83978
69722
51666
8239
34759
2355
11954
46340
10560
71518
70150
5011
56885
75514
95188
4420
33491
45424
16788
58588
94811
976
51550
77167
71622
96163
52968
79028
62398
6629
54352
9697
5545
31924
73854
25361
50560
4994
58499
90830
32726
98355
34287
43906
15663
38201
71297
24150
85729
95651
2315
96107
84739
97847
93681
7286
88964
64890
85060
86709
10555
32488
21969
49163
2187
87708
59177
38488
64879
84177
76079
71671
44529
87296
39904
1330
28426
92660
4028
26676
79856
84771
89753
71197
69427
19154
23950
2081
46358
82883
827
32028
99450
85734
47617
54875
52340
93579
58267
99363
4997
27261
26107
24228
14605
67265
81139
50705
75578
79555
54572
18479
39389
66136
58158
60966
31515
93590
30212
10997
76233
86640
72041
11515
40589
7538
81783
94232
89956
83844
66146
11573
40538
47812
86177
90337
28032
84467
16038
30336
83834
53826
5517
90434
27443
49358
28348
20594
99218
42699
26618
89782
87773
64320
59455
74258
97256
3250
4653
7394
66633
11988
49211
95670
40382
82287
44480
18889
54889
48010
15512
86945
81121
88604
96116
88505
47719
70015
63152
91243
5362
58167
92697
20680
19759
40915
90379
3806
5113
35055
92149
27373
95667
47972
22881
75360
8018
86855
91879
71712
88309
15274
83243
95978
50678
44054
16891
48146
27201
9385
95596
23771
59523
30832
16874
38413
96418
35034
61962
81641
36831
40642
62227
54045
82653
81272
25622
65912
94644
13476
55557
34226
17635
96602
55740
71153
85356
82102
57409
79844
7783
33851
97326
74499
26508
70968
13972
35742
78838
12810
53439
41465
99612
58891
42335
35820
20201
90741
75538
13974
26180
73313
49754
12672
47982
42662
29553
95941
27968
42382
88853
53765
59714
68251
54140
24982
3684
94925
30541
67115
90246
84500
86888
83885
37168
35797
54835
46487
59638
36237
90759
22248
55494
15154
11398
79533
46719
34881
78149
17273
40515
84095
75463
554
53143
35044
63342
34897
83909
92557
23585
55603
62592
31860
90854
21661
759
88817
32680
15393
52666
48982
50812
25959
90070
33093
26712
23830
83161
54827
51122
87714
5570
99720
59898
60788
39139
33567
62983
82629
7885
91138
25875
18913
28976
64252
56450
79129
5513
95250
56623
2903
64179
77613
78005
22868
78568
68835
83914
13051
54939
63116
86868
18345
49328
58500
51016
85838
64621
60096
26199
48909
37831
69658
68211
84650
45578
74821
81462
13494
23818
91236
72786
79464
5838
13236
44682
46196
13214
20415
89308
47069
42074
16684
51254
35963
65369
30932
24359
37762
73708
82646
77764
48064
6012
86562
82055
