399
801
251
626
520
880
142
101
710
979
306
104
305
669
966
705
272
628
98
971
829
596
155
506
182
872
366
942
101
286
208
926
641
377
416
969
255
859
786
155
544
129
74
887
107
778
595
554
147
506
887
525
318
612
944
894
525
615
763
294
975
965
400
357
764
137
471
319
120
793
637
941
470
883
791
749
669
813
96
234
602
739
139
409
729
109
292
466
995
701
982
489
512
269
195
686
438
664
831
468
560
264
501
431
579
372
180
866
296
859
788
386
885
891
70
910
362
248
224
779
220
285
472
892
543
190
56
318
434
235
422
523
964
262
456
90
784
888
197
761
478
719
256
656
246
374
716
385
686
547
693
291
751
167
859
650
439
171
806
915
978
251
841
149
192
422
358
905
797
536
388
305
280
601
483
80
454
863
597
226
60
272
709
532
737
498
245
133
265
563
991
171
962
679
936
265
577
693
116
800
380
483
605
153
908
365
182
93
74
96
842
387
494
804
758
455
532
216
857
870
789
882
117
582
341
492
564
253
744
704
640
794
465
408
450
702
79
588
535
64
819
267
872
160
699
154
444
898
340
315
60
724
877
269
900
979
471
206
547
598
192
956
256
329
93
305
494
227
700
198
486
376
242
721
323
230
256
937
610
409
603
919
533
700
465
931
326
178
75
234
702
902
687
561
63
81
588
237
979
567
488
977
122
698
92
657
917
736
827
72
65
221
405
605
769
446
795
55
781
605
119
337
775
778
918
211
647
957
728
528
742
934
208
750
800
163
650
845
113
519
998
585
254
869
859
735
384
914
606
381
451
793
620
171
225
738
468
378
376
390
529
596
672
886
873
300
214
689
775
236
464
578
59
96
110
658
111
487
456
174
808
958
400
873
473
242
451
431
661
152
405
367
323
465
307
478
467
547
887
357
360
737
956
87
92
78
630
643
505
263
834
427
694
679
117
756
217
472
932
100
785
871
455
824
172
796
733
112
175
944
689
999
672
124
635
632
997
225
536
250
563
529
733
579
969
249
259
297
241
293
125
871
633
160
995
485
342
457
209
814
861
510
913
275
600
513
459
761
969
537
258
862
425
175
266
294
60
304
742
179
805
350
711
660
626
156
991
795
87
882
916
372
814
404
226
473
498
362
320
112
500
216
925
116
334
796
734
921
889
597
954
718
609
404
63
656
297
694
469
723
616
339
420
759
412
350
185
102
802
212
162
706
67
405
651
813
82
388
766
508
536
670
385
122
361
517
571
883
819
698
875
127
750
368
346
960
492
988
80
985
483
225
998
823
780
969
494
800
727
898
617
158
197
736
655
804
112
788
554
128
627
362
164
145
925
567
59
216
636
834
922
476
365
61
724
399
316
876
584
977
312
552
813
928
991
465
588
672
908
352
179
501
624
564
495
844
484
318
546
565
715
958
117
930
207
408
314
858
90
772
418
968
579
313
920
223
241
202
403
581
675
513
982
936
784
143
284
261
858
782
807
809
381
694
984
482
513
166
382
538
103
510
644
149
185
673
345
283
685
561
166
799
890
382
701
235
447
867
698
475
97
111
157
134
498
398
53
694
658
67
159
510
87
185
551
415
954
298
262
273
247
232
402
760
205
284
99
326
580
317
925
336
621
841
323
925
438
940
600
162
211
541
964
504
860
950
478
424
538
327
514
228
985
785
110
319
966
656
505
315
55
305
869
983
475
682
756
982
618
280
746
80
797
156
848
337
874
968
649
900
180
715
730
671
80
361
896
732
722
986
652
691
876
139
539
735
125
679
845
100
725
274
480
301
71
254
904
866
255
307
952
395
718
433
192
626
505
888
769
648
276
921
755
530
605
268
236
258
767
699
366
239
324
737
353
152
434
853
102
918
595
418
836
196
678
771
993
856
409
996
979
861
611
924
91
708
975
784
350
247
324
426
254
829
165
603
687
636
416
427
899
558
477
486
436
57
392
383
304
795
993
479
994
688
989
395
833
684
775
702
499
256
703
804
864
300
681
855
615
588
376
736
257
489
650
287
223
78
202
146
479
609
683
670
349
221
83
725
747
605
198
419
724
862
70
948
466
271
586
883
520
752
530
767
783
238
938
262
443
82
84
118
957
563
507
617
711
753
803
701
680
587
335
775
690
612
755
688
973
872
803
380
145
588
475
692
989
667
878
68
72
997
679
476
801
146
313
602
908
948
913
586
225
940
135
721
823
933
414
531
713
488
813
933
154
333
850
228
797
270
823
201
255
324
733
316
781
106
188
441
326
636
184
881
671
229
744
75
991
298
927
949
341
92
80
970
735
214
496
173
498
967
628
811
392
603
718
910
576
653
352
792
172
611
908
906
146
138
997
715
367
301
887
433
790
116
296
113
558
968
61
270
961
643
368
927
500
791
928
157
451
311
650
664
202
506
579
106
591
290
161
171
95
866
271
537
717
350
470
634
339
936
740
767
916
755
153
95
767
150
480
847
552
600
987
761
905
350
717
230
751
504
567
498
385
748
981
543
872
670
445
175
443
953
220
306
875
223
540
792
927
727
747
565
973
331
766
961
111
697
758
933
757
992
600
792
518
867
942
916
527
794
317
124
506
527
478
464
519
449
149
886
827
823
153
908
718
731
287
297
65
280
483
521
897
717
623
748
765
722
768
689
682
738
688
841
728
55
198
477
386
596
539
192
501
405
895
858
258
510
443
374
665
101
949
769
253
889
239
96
652
429
971
209
671
185
185
599
982
741
950
787
406
109
137
506
895
686
330
736
857
107
128
355
462
242
238
390
524
254
415
674
946
556
475
745
725
396
137
759
875
993
392
123
337
61
161
236
129
227
476
95
685
135
249
298
307
98
831
927
805
181
582
254
312
488
752
71
405
147
936
136
901
465
683
365
875
349
399
335
344
856
862
285
305
916
498
113
133
287
601
248
719
84
946
813
368
103
908
909
763
315
247
940
845
973
628
801
737
89
957
100
266
563
810
305
137
658
861
928
837
325
671
781
710
268
382
570
556
777
495
255
405
80
660
913
538
185
187
613
356
461
390
882
317
135
146
878
947
576
73
437
575
516
629
350
953
568
958
394
688
251
295
447
403
690
272
443
141
649
283
152
929
87
260
792
624
210
66
734
777
839
179
520
484
869
103
948
450
888
261
190
53
793
947
855
709
81
109
725
696
741
240
65
891
487
832
290
655
710
380
609
278
708
804
838
685
571
838
543
831
529
922
164
256
773
350
681
711
716
553
199
649
96
698
198
876
720
450
906
872
149
948
190
539
504
431
755
338
821
272
350
522
375
318
437
434
278
835
512
367
367
740
161
559
936
666
657
123
882
334
267
891
554
925
821
428
241
76
841
978
611
524
858
200
704
915
559
569
824
714
999
659
501
486
78
473
344
163
582
751
485
901
74
248
843
977
567
878
261
883
675
869
122
165
476
549
637
421
596
744
843
61
524
478
449
118
463
802
273
594
374
433
762
788
133
111
699
790
200
826
990
752
309
231
788
352
767
312
573
771
963
764
423
987
571
749
700
365
425
894
266
126
266
268
401
978
671
816
439
529
850
622
191
419
333
897
794
863
200
914
550
798
860
842
842
354
605
347
459
530
506
822
253
813
979
946
452
75
118
988
348
668
603
790
851
865
66
97
739
137
441
723
298
242
80
551
679
810
181
744
816
704
271
463
904
851
709
779
134
140
467
170
847
892
674
901
705
189
740
738
408
131
908
158
476
454
191
913
409
481
651
112
220
901
185
864
505
257
693
578
151
174
567
360
878
918
165
863
602
436
395
860
476
170
964
878
948
644
545
784
639
293
623
368
943
700
611
206
269
136
964
150
253
999
342
949
443
487
785
447
963
329
243
906
810
250
298
122
350
571
522
271
785
674
564
307
111
950
654
815
641
495
935
548
225
160
574
832
898
416
660
757
984
199
908
613
183
812
418
635
564
576
148
562
382
67
431
93
984
96
785
520
934
738
556
984
729
499
971
991
475
288
217
516
739
374
552
152
814
308
987
653
363
653
285
699
980
381
629
90
937
826
140
650
308
749
149
230
739
604
842
239
233
191
804
888
970
253
400
543
475
948
949
175
125
649
518
839
317
384
708
915
267
90
962
596
378
255
391
444
297
904
163
870
245
726
720
259
425
94
676
465
531
809
619
368
329
88
524
547
917
515
100
539
286
577
255
400
883
244
709
870
275
479
714
132
669
300
697
376
212
861
862
679
833
228
979
134
888
788
249
467
513
315
770
970
235
712
82
324
215
787
770
692
371
819
702
707
899
465
630
112
623
454
501
728
421
239
178
896
343
366
303
262
785
322
156
125
979
640
845
291
697
312
913
630
878
230
70
379
626
667
694
982
301
406
325
161
469
111
500
669
568
841
472
139
273
201
447
551
388
760
700
984
379
91
565
897
283
777
55
838
844
410
184
243
389
491
982
769
352
572
187
884
606
217
231
314
204
684
434
533
587
730
89
528
284
402
765
565
481
997
382
802
837
82
367
421
182
553
265
244
754
437
560
98
762
247
925
461
532
503
339
505
549
344
364
844
313
677
281
518
223
971
195
674
502
986
432
922
486
988
114
677
180
382
149
745
982
197
745
946
651
587
297
651
86
560
411
73
614
873
121
67
474
852
347
583
856
649
125
442
421
139
539
707
491
488
185
991
697
639
92
653
835
399
499
167
839
575
472
279
547
689
719
884
573
547
250
62
952
268
876
254
493
585
449
410
663
784
926
958
150
955
600
199
542
978
605
675
646
940
566
812
219
955
682
323
294
778
369
692
599
201
661
162
961
170
460
634
962
219
1000
349
393
803
267
605
712
518
116
778
612
84
480
802
761
122
306
376
520
192
816
468
629
385
417
838
480
808
820
64
798
282
301
504
548
252
52
61
940
833
861
558
327
582
478
694
655
854
620
336
774
760
877
482
495
261
233
140
186
856
381
416
827
187
910
749
346
929
202
797
91
69
281
583
532
295
277
442
765
354
259
355
271
964
52
160
277
200
505
956
919
299
733
113
333
680
279
390
781
792
448
242
258
482
190
903
192
619
516
150
463
812
431
851
1000
706
690
723
919
424
160
321
726
336
250
439
647
306
374
926
902
443
652
80
461
804
863
688
356
489
630
693
775
360
616
79
266
758
565
367
262
388
223
999
350
875
509
405
163
349
710
865
780
930
943
191
582
795
55
796
554
944
576
304
453
385
627
123
635
978
605
552
665
681
988
187
874
83
645
617
97
865
394
540
202
297
672
290
71
112
982
436
242
318
396
320
65
480
937
64
803
538
709
679
468
277
864
642
542
177
325
587
315
433
922
241
946
134
371
213
968
803
104
74
990
248
567
587
329
303
121
832
526
593
611
82
825
282
395
602
208
547
779
243
847
56
422
653
945
150
593
206
746
932
521
58
308
227
204
208
244
113
243
786
783
145
427
589
948
453
450
896
477
193
974
931
290
598
457
880
379
546
277
805
939
838
420
550
395
796
767
658
888
723
443
109
310
411
867
214
861
220
860
416
172
469
286
750
769
630
246
479
853
300
126
187
271
451
888
724
648
564
748
343
601
51
535
419
962
425
291
267
207
937
314
726
325
326
62
344
991
380
353
139
804
554
596
586
833
531
881
182
964
875
957
389
881
215
860
313
760
858
221
91
251
689
334
615
727
817
588
941
135
791
432
462
715
360
270
137
958
766
725
837
95
641
743
496
969
449
189
324
859
357
445
865
589
839
922
904
197
853
654
678
269
958
768
567
212
66
369
257
387
999
98
944
454
984
868
828
846
680
205
754
420
467
834
615
80
924
88
777
625
444
333
71
289
707
652
405
228
975
934
448
732
564
251
826
653
801
525
828
511
797
651
211
168
925
968
353
998
962
77
548
492
582
450
944
329
487
583
742
951
243
78
53
977
99
891
181
723
346
317
532
167
471
104
550
60
187
299
529
999
60
745
96
652
902
757
493
391
295
252
977
645
436
745
217
429
434
576
895
409
625
639
329
354
372
520
633
978
655
762
201
648
848
966
650
255
336
107
612
941
463
618
337
426
674
573
413
601
862
845
455
439
884
124
812
267
206
940
899
938
140
608
821
619
740
525
659
95
850
430
400
110
519
497
544
66
742
173
161
792
686
499
488
555
646
960
767
351
213
330
704
544
291
116
714
107
254
302
130
126
738
904
882
233
427
603
94
745
366
121
176
945
241
250
81
819
143
809
280
942
978
90
387
551
447
514
805
599
197
831
335
841
227
400
633
516
192
769
102
258
242
182
305
892
865
936
117
535
945
702
208
355
429
911
735
864
688
621
917
434
833
681
215
84
176
491
584
386
900
706
600
339
220
87
562
347
517
933
592
141
856
659
657
111
425
862
100
836
718
507
877
376
633
109
146
753
783
554
756
93
248
584
695
172
698
744
894
985
229
812
91
544
210
258
551
54
395
914
328
316
584
232
113
740
837
504
791
130
429
733
430
445
270
81
91
733
970
381
582
554
708
535
830
315
527
521
413
794
510
923
424
785
197
246
181
950
396
960
874
775
301
290
824
962
877
629
682
491
377
936
970
367
898
597
109
737
457
109
549
129
917
948
941
879
544
361
538
103
813
338
314
105
174
809
916
745
976
216
307
618
145
606
844
979
231
730
885
366
632
732
508
431
733
347
565
571
813
985
333
970
936
411
618
122
606
256
211
568
124
480
211
629
258
220
517
256
289
852
149
277
543
458
684
878
535
301
245
427
924
96
905
199
598
939
193
937
264
514
271
426
64
286
248
536
891
58
731
271
981
466
714
285
938
204
904
467
258
338
763
597
712
289
690
989
65
357
254
166
100
259
905
911
715
582
446
66
53
418
915
354
767
664
249
407
192
921
362
840
980
780
673
690
206
855
987
815
503
443
594
648
138
823
156
128
811
713
279
185
299
474
839
178
841
226
628
922
333
325
825
296
668
979
641
453
527
281
558
771
571
592
939
566
778
745
712
622
69
405
855
559
289
404
684
456
416
588
517
504
451
970
562
552
899
441
200
121
859
347
387
954
360
852
238
660
631
624
675
559
209
776
314
561
92
97
648
901
889
533
862
477
801
598
958
274
788
765
874
973
88
926
290
427
99
626
738
903
627
55
56
265
997
603
320
341
697
314
1000
848
732
754
167
945
217
263
793
794
756
555
884
331
929
780
623
851
636
876
301
997
510
533
468
148
723
411
715
878
759
365
769
586
364
144
443
776
960
629
398
660
327
109
375
654
387
560
329
871
303
427
861
558
378
509
891
541
171
269
419
487
991
723
216
239
669
428
472
709
294
189
967
278
217
691
985
755
255
979
339
721
185
943
313
55
921
343
193
965
354
974
360
681
444
199
731
513
608
278
109
323
773
825
993
686
66
778
521
987
212
541
393
330
893
813
957
565
863
680
679
769
619
888
950
186
191
143
955
204
881
346
364
842
490
133
907
325
924
845
373
832
802
204
255
857
83
586
891
491
395
292
654
841
994
536
964
295
554
108
271
705
324
473
390
303
334
721
490
645
285
634
346
239
641
759
764
904
802
531
175
1000
848
936
695
434
320
608
612
589
357
694
891
504
58
640
781
181
967
158
567
150
889
155
680
746
75
283
493
678
599
917
700
85
774
169
725
645
466
384
245
303
222
753
370
205
667
671
237
150
404
631
274
842
891
694
88
217
175
96
349
241
307
764
507
228
399
675
429
620
144
717
880
988
140
531
369
916
507
281
96
503
629
670
479
192
861
66
834
991
487
765
527
530
624
729
335
152
264
321
892
961
113
291
402
416
163
892
947
326
131
894
856
959
155
609
829
177
309
565
54
273
149
366
827
611
100
330
98
241
792
563
280
69
333
957
743
294
828
737
460
197
124
707
84
519
541
901
216
417
590
926
719
594
690
987
435
976
307
217
818
413
918
524
930
291
551
241
385
378
434
727
532
83
981
965
813
558
960
626
539
267
686
870
261
452
694
747
247
218
396
892
651
57
180
231
923
374
55
924
98
919
281
718
605
642
448
758
584
703
906
221
541
188
85
782
344
930
732
450
494
914
553
897
527
358
78
609
559
121
255
261
121
453
464
764
305
263
226
71
58
372
531
461
289
581
686
275
88
729
200
833
198
879
788
112
386
945
437
542
556
833
346
205
425
339
406
506
813
66
329
529
201
213
339
470
925
879
206
988
650
277
293
915
659
161
940
271
128
333
149
219
609
439
243
564
317
486
532
385
992
444
110
415
79
221
439
993
604
894
597
620
727
856
134
125
249
769
401
92
854
196
784
678
954
546
728
192
928
916
563
613
299
225
382
62
845
601
904
712
454
683
872
156
733
598
279
860
908
403
809
136
691
548
256
234
390
752
290
77
422
512
598
994
401
438
109
874
873
555
276
143
817
562
796
936
100
961
643
908
853
959
962
677
252
60
761
614
579
580
826
987
63
407
224
207
248
601
542
859
498
723
347
156
872
624
607
327
99
796
318
360
783
89
220
584
793
621
672
770
389
688
100
214
533
891
640
913
187
552
989
759
731
724
266
496
386
653
405
852
427
755
266
534
145
249
160
413
453
166
798
711
786
920
851
102
66
546
390
557
348
541
788
931
409
266
425
512
400
441
260
370
89
609
578
375
102
594
570
120
799
458
776
886
472
607
662
192
80
96
477
953
780
600
355
834
553
690
766
935
745
459
59
432
898
929
515
821
383
80
517
311
606
373
232
566
553
911
305
239
1000
522
530
353
122
634
322
330
980
822
847
58
506
86
63
999
288
385
429
294
915
961
201
796
70
83
552
353
364
563
210
362
462
742
637
418
955
573
350
578
385
936
133
620
981
222
115
109
923
86
721
483
987
82
550
680
158
439
437
832
434
858
289
668
468
893
993
866
456
668
427
545
330
94
705
756
614
951
519
120
970
77
331
756
788
927
651
982
56
312
189
841
902
116
451
781
694
164
129
263
993
881
673
134
831
452
942
200
852
587
984
534
511
290
422
527
948
163
836
984
220
789
188
859
287
869
799
907
103
839
422
732
877
453
993
770
937
911
387
422
745
609
657
794
886
953
604
499
67
418
678
194
687
222
369
189
522
672
996
602
756
474
537
229
334
377
590
200
507
73
374
464
73
690
438
289
388
968
733
758
576
390
157
778
198
88
317
307
909
332
813
104
320
79
775
563
830
566
409
528
574
839
168
769
984
568
554
162
720
631
362
977
173
452
948
828
975
692
945
500
692
276
757
908
294
133
931
933
659
88
476
577
274
713
284
805
890
505
526
222
592
88
511
917
179
950
87
418
357
660
217
150
241
761
967
371
307
343
748
357
403
342
867
406
703
456
137
566
888
681
493
692
522
599
612
482
528
266
227
240
71
816
720
225
537
290
658
229
345
69
536
176
324
988
285
575
662
667
819
646
559
241
141
322
433
812
871
696
783
623
141
838
370
819
434
178
264
226
705
398
591
358
125
690
957
387
388
254
994
326
192
350
336
766
726
252
447
837
973
773
969
325
83
68
637
62
91
579
239
670
747
359
956
803
476
877
194
120
559
187
743
692
441
256
292
860
796
735
90
702
599
853
224
303
206
220
754
581
265
528
745
666
653
795
83
182
782
407
84
887
859
712
581
202
105
279
607
842
868
865
417
106
378
863
315
114
887
394
385
585
432
260
905
367
212
400
496
203
306
830
900
213
64
976
87
664
94
358
132
662
253
487
680
724
634
295
702
389
305
83
557
902
165
983
859
463
695
296
894
835
754
803
900
611
715
812
420
946
282
602
599
280
323
366
348
422
347
866
345
932
618
99
288
207
449
546
837
505
656
633
97
441
386
761
872
635
256
471
561
353
128
780
292
844
217
761
552
880
475
183
844
86
958
659
891
840
832
900
271
438
152
614
854
813
717
311
676
236
400
515
280
886
493
908
907
217
238
830
440
774
228
319
950
420
854
442
860
817
149
351
64
759
171
803
605
133
658
686
203
370
479
265
318
649
332
374
564
620
842
917
812
296
112
958
368
424
549
774
911
689
648
940
916
823
775
996
513
148
378
369
759
60
814
436
483
899
583
466
940
256
713
767
415
64
592
251
138
323
396
547
738
69
851
775
412
461
371
548
263
787
702
401
491
935
126
597
465
982
961
238
510
864
624
908
573
70
197
764
474
534
287
159
244
589
503
403
296
761
967
388
774
248
272
968
192
528
201
473
133
913
710
515
700
321
672
821
854
998
378
628
108
483
743
746
724
336
497
986
545
772
162
544
213
281
661
844
173
760
698
270
693
152
741
820
399
72
867
706
923
879
141
207
465
449
871
162
92
239
168
859
875
461
858
119
860
936
337
238
923
176
964
210
491
404
714
109
343
63
566
671
400
652
642
570
261
874
263
60
959
377
899
767
948
763
829
407
564
489
725
834
961
751
91
100
853
219
855
83
670
439
137
471
293
418
630
103
471
841
905
384
394
903
635
152
393
287
546
603
892
546
574
746
73
338
890
633
894
807
194
624
72
734
264
904
641
907
904
615
622
646
504
970
90
160
693
591
958
454
487
183
988
113
998
969
141
968
130
857
134
877
571
724
338
656
323
608
940
976
869
413
121
544
780
231
127
137
459
606
697
401
122
450
115
288
285
394
434
801
899
933
769
672
535
70
873
270
442
475
246
873
537
750
831
681
464
321
405
359
315
856
433
392
59
51
632
919
544
858
825
278
556
226
588
556
550
970
721
743
251
255
766
350
750
286
854
66
293
226
902
397
472
311
917
77
135
847
929
282
525
835
725
471
561
359
989
243
899
698
578
683
708
733
206
845
410
214
79
287
401
205
272
160
70
792
257
221
80
917
463
523
703
73
603
912
988
531
110
291
742
305
268
407
421
409
559
378
631
183
395
487
340
753
986
630
520
653
931
880
931
83
179
818
776
74
821
317
373
126
373
659
904
871
631
999
267
762
981
730
202
717
401
188
60
443
756
989
793
435
121
754
647
496
839
827
388
567
92
689
963
692
285
239
398
194
161
823
510
386
650
316
537
357
566
183
735
734
836
434
274
819
76
725
859
79
440
539
304
993
784
226
975
312
102
638
924
755
498
788
262
766
878
880
505
995
444
159
715
729
328
316
894
628
602
576
879
507
441
172
842
848
234
882
291
490
944
184
285
303
732
763
786
251
538
676
921
120
908
420
278
993
669
865
305
913
415
659
476
802
372
810
280
924
123
502
543
432
866
81
634
295
153
485
838
60
818
374
405
776
911
789
824
822
60
355
803
853
79
583
79
848
437
201
61
80
810
725
347
505
58
642
582
344
106
597
635
779
583
808
240
181
72
804
296
653
797
121
602
710
264
967
82
835
882
546
792
612
919
113
